0.000000	1.000000
0.790020	2.000000
0.830120	3.000000
0.830200	4.000000
0.870210	5.000000
0.870300	6.000000
0.870380	7.000000
0.870470	8.000000
0.910310	9.000000
0.910400	10.000000
0.910480	11.000000
0.910570	12.000000
0.910650	13.000000
0.910740	14.000000
0.910820	15.000000
0.910910	16.000000
0.950410	17.000000
0.950490	18.000000
0.950580	19.000000
0.950660	20.000000
0.950750	20.050000
0.950830	20.100000
0.950920	20.150000
0.951000	20.199000
0.951090	20.249000
0.951180	20.298000
0.951260	20.347000
0.951350	20.397000
0.951430	20.446000
0.951520	20.494000
0.951600	20.543000
0.951690	20.592000
0.990510	20.641000
0.990590	20.689000
0.990680	20.737000
0.990760	20.786000
0.990850	20.834000
0.990930	20.882000
0.991020	20.930000
0.991100	20.977000
0.991190	21.025000
0.991270	21.073000
0.991360	21.120000
0.991440	21.167000
0.991530	21.215000
0.991610	21.262000
0.991700	21.309000
0.991780	21.356000
0.991870	21.403000
0.991960	21.449000
0.992040	21.496000
0.992130	21.542000
1.030600	21.589000
1.030690	21.635000
1.030770	21.681000
1.030860	21.727000
1.030940	21.773000
1.031030	21.819000
1.031110	21.865000
1.031200	21.911000
1.031290	21.957000
1.031370	22.002000
1.031460	22.048000
1.031540	22.093000
1.031630	22.138000
1.031710	22.183000
1.031800	22.228000
1.031880	22.273000
1.031970	22.318000
1.032050	22.363000
1.032140	22.408000
1.032220	22.453000
1.070700	22.497000
1.070790	22.542000
1.070870	22.586000
1.070960	22.630000
1.071040	22.674000
1.071130	22.718000
1.071210	22.762000
1.071300	22.806000
1.071380	22.850000
1.071470	22.894000
1.071550	22.938000
1.071640	22.981000
1.071720	23.025000
1.071810	23.068000
1.071890	23.112000
1.071980	23.155000
1.072060	23.198000
1.072150	23.241000
1.072240	23.284000
1.072320	23.327000
1.110800	23.370000
1.110880	23.413000
1.110970	23.455000
1.111050	23.498000
1.111140	23.541000
1.111220	23.583000
1.111310	23.626000
1.111390	23.668000
1.111480	23.710000
1.111570	23.752000
1.111650	23.794000
1.111740	23.836000
1.111820	23.878000
1.111910	23.920000
1.111990	23.962000
1.112080	24.004000
1.112160	24.045000
1.112250	24.087000
1.112330	24.129000
1.112420	24.170000
1.150900	24.211000
1.150980	24.253000
1.151070	24.294000
1.151150	24.335000
1.151240	24.376000
1.151320	24.417000
1.151410	24.458000
1.151490	24.499000
1.151580	24.540000
1.151660	24.581000
1.151750	24.621000
1.151830	24.662000
1.151920	24.702000
1.152000	24.743000
1.152090	24.783000
1.152170	24.824000
1.152260	24.864000
1.152340	24.904000
1.152430	24.944000
1.152520	24.984000
1.190990	25.024000
1.191080	25.064000
1.191160	25.104000
1.191250	25.144000
1.191330	25.184000
1.191420	25.224000
1.191500	25.263000
1.191590	25.303000
1.191670	25.342000
1.191760	25.382000
1.191850	25.421000
1.191930	25.461000
1.192020	25.500000
1.192100	25.539000
1.192190	25.578000
1.192270	25.617000
1.192360	25.656000
1.192440	25.695000
1.192530	25.734000
1.192610	25.773000
1.231090	25.812000
1.231180	25.851000
1.231260	25.889000
1.231350	25.928000
1.231430	25.967000
1.231520	26.005000
1.231600	26.044000
1.231690	26.082000
1.231770	26.120000
1.231860	26.159000
1.231940	26.197000
1.232030	26.235000
1.232110	26.273000
1.232200	26.311000
1.232280	26.349000
1.232370	26.387000
1.232450	26.425000
1.232540	26.463000
1.232630	26.501000
1.232710	26.538000
1.271190	26.576000
1.271270	26.614000
1.271360	26.651000
1.271440	26.689000
1.271530	26.726000
1.271610	26.764000
1.271700	26.801000
1.271780	26.838000
1.271870	26.876000
1.271960	26.913000
1.272040	26.950000
1.272130	26.987000
1.272210	27.024000
1.272300	27.061000
1.272380	27.098000
1.272470	27.135000
1.272550	27.172000
1.272640	27.209000
1.272720	27.245000
1.272810	27.282000
1.311280	27.319000
1.311370	27.355000
1.311460	27.392000
1.311540	27.428000
1.311630	27.465000
1.311710	27.501000
1.311800	27.538000
1.311880	27.574000
1.311970	27.610000
1.312050	27.646000
1.312140	27.683000
1.312220	27.719000
1.312310	27.755000
1.312390	27.791000
1.312480	27.827000
1.312560	27.863000
1.312650	27.899000
1.312730	27.934000
1.312820	27.970000
1.312910	28.006000
1.351380	28.042000
1.351470	28.077000
1.351550	28.113000
1.351640	28.149000
1.351720	28.184000
1.351810	28.220000
1.351890	28.255000
1.351980	28.290000
1.352060	28.326000
1.352150	28.361000
1.352240	28.396000
1.352320	28.432000
1.352410	28.467000
1.352490	28.502000
1.352580	28.537000
1.352660	28.572000
1.352750	28.607000
1.352830	28.642000
1.352920	28.677000
1.353000	28.712000
1.391480	28.747000
1.391570	28.781000
1.391650	28.816000
1.391740	28.851000
1.391820	28.885000
1.391910	28.920000
1.391990	28.955000
1.392080	28.989000
1.392160	29.024000
1.392250	29.058000
1.392330	29.093000
1.392420	29.127000
1.392500	29.161000
1.392590	29.196000
1.392670	29.230000
1.392760	29.264000
1.392840	29.298000
1.392930	29.332000
1.393010	29.366000
1.393100	29.400000
1.431580	29.434000
1.431660	29.468000
1.431750	29.502000
1.431830	29.536000
1.431920	29.570000
1.432000	29.604000
1.432090	29.638000
1.432170	29.671000
1.432260	29.705000
1.432340	29.739000
1.432430	29.772000
1.432520	29.806000
1.432600	29.840000
1.432690	29.873000
1.432770	29.907000
1.432860	29.940000
1.432940	29.973000
1.433030	30.007000
1.433110	30.040000
1.433200	30.073000
1.471670	30.107000
1.471760	30.140000
1.471850	30.173000
1.471930	30.206000
1.472020	30.239000
1.472100	30.272000
1.472190	30.305000
1.472270	30.338000
1.472360	30.371000
1.472440	30.404000
1.472530	30.437000
1.472610	30.470000
1.472700	30.503000
1.472780	30.536000
1.472870	30.568000
1.472950	30.601000
1.473040	30.634000
1.473120	30.666000
1.473210	30.699000
1.473300	30.732000
1.511770	30.764000
1.511860	30.797000
1.511940	30.829000
1.512030	30.862000
1.512110	30.894000
1.512200	30.926000
1.512280	30.959000
1.512370	30.991000
1.512450	31.023000
1.512540	31.055000
1.512620	31.088000
1.512710	31.120000
1.512800	31.152000
1.512880	31.184000
1.512970	31.216000
1.513050	31.248000
1.513140	31.280000
1.513220	31.312000
1.513310	31.344000
1.513390	31.376000
1.551870	31.408000
1.551950	31.440000
1.552040	31.471000
1.552130	31.503000
1.552210	31.535000
1.552300	31.567000
1.552380	31.598000
1.552470	31.630000
1.552550	31.662000
1.552640	31.693000
1.552720	31.725000
1.552810	31.756000
1.552890	31.788000
1.552980	31.819000
1.553060	31.851000
1.553150	31.882000
1.553230	31.913000
1.553320	31.945000
1.553400	31.976000
1.553490	32.007000
1.591970	32.039000
1.592050	32.070000
1.592140	32.101000
1.592220	32.132000
1.592310	32.163000
1.592390	32.194000
1.592480	32.225000
1.592560	32.256000
1.592650	32.287000
1.592730	32.318000
1.592820	32.349000
1.592910	32.380000
1.592990	32.411000
1.593080	32.442000
1.593160	32.473000
1.593250	32.504000
1.593330	32.534000
1.593420	32.565000
1.593500	32.596000
1.593590	32.627000
1.632060	32.657000
1.632150	32.688000
1.632240	32.718000
1.632320	32.749000
1.632410	32.779000
1.632490	32.810000
1.632580	32.840000
1.632660	32.871000
1.632750	32.901000
1.632830	32.932000
1.632920	32.962000
1.633000	32.992000
1.633090	33.023000
1.633170	33.053000
1.633260	33.083000
1.633340	33.114000
1.633430	33.144000
1.633510	33.174000
1.633600	33.204000
1.633680	33.234000
1.672160	33.264000
1.672250	33.294000
1.672330	33.324000
1.672420	33.354000
1.672500	33.384000
1.672590	33.414000
1.672670	33.444000
1.672760	33.474000
1.672840	33.504000
1.672930	33.534000
1.673010	33.564000
1.673100	33.593000
1.673190	33.623000
1.673270	33.653000
1.673360	33.683000
1.673440	33.712000
1.673530	33.742000
1.673610	33.772000
1.673700	33.801000
1.673780	33.831000
1.712260	33.860000
1.712340	33.890000
1.712430	33.919000
1.712520	33.949000
1.712600	33.978000
1.712690	34.008000
1.712770	34.037000
1.712860	34.067000
1.712940	34.096000
1.713030	34.125000
1.713110	34.155000
1.713200	34.184000
1.713280	34.213000
1.713370	34.242000
1.713450	34.272000
1.713540	34.301000
1.713620	34.330000
1.713710	34.359000
1.713790	34.388000
1.713880	34.417000
1.752360	34.446000
1.752440	34.475000
1.752530	34.504000
1.752610	34.533000
1.752700	34.562000
1.752780	34.591000
1.752870	34.620000
1.752950	34.649000
1.753040	34.678000
1.753120	34.707000
1.753210	34.735000
1.753290	34.764000
1.753380	34.793000
1.753470	34.822000
1.753550	34.850000
1.753640	34.879000
1.753720	34.908000
1.753810	34.936000
1.753890	34.965000
1.753980	34.994000
1.792450	35.022000
1.792540	35.051000
1.792620	35.079000
1.792710	35.108000
1.792800	35.136000
1.792880	35.165000
1.792970	35.193000
1.793050	35.222000
1.793140	35.250000
1.793220	35.278000
1.793310	35.307000
1.793390	35.335000
1.793480	35.363000
1.793560	35.392000
1.793650	35.420000
1.793730	35.448000
1.793820	35.476000
1.793900	35.505000
1.793990	35.533000
1.794070	35.561000
1.832550	35.589000
1.832640	35.617000
1.832720	35.645000
1.832810	35.673000
1.832890	35.701000
1.832980	35.729000
1.833060	35.757000
1.833150	35.785000
1.833230	35.813000
1.833320	35.841000
1.833400	35.869000
1.833490	35.897000
1.833580	35.925000
1.833660	35.953000
1.833750	35.980000
1.833830	36.008000
1.833920	36.036000
1.834000	36.064000
1.834090	36.091000
1.834170	36.119000
1.872650	36.147000
1.872730	36.174000
1.872820	36.202000
1.872900	36.230000
1.872990	36.257000
1.873080	36.285000
1.873160	36.312000
1.873250	36.340000
1.873330	36.368000
1.873420	36.395000
1.873500	36.423000
1.873590	36.450000
1.873670	36.477000
1.873760	36.505000
1.873840	36.532000
1.873930	36.560000
1.874010	36.587000
1.874100	36.614000
1.874180	36.642000
1.874270	36.669000
1.912750	36.696000
1.912830	36.723000
1.912920	36.751000
1.913000	36.778000
1.913090	36.805000
1.913170	36.832000
1.913260	36.859000
1.913340	36.886000
1.913430	36.914000
1.913510	36.941000
1.913600	36.968000
1.913680	36.995000
1.913770	37.022000
1.913860	37.049000
1.913940	37.076000
1.914030	37.103000
1.914110	37.130000
1.914200	37.157000
1.914280	37.184000
1.914370	37.210000
1.952840	37.237000
1.952930	37.264000
1.953010	37.291000
1.953100	37.318000
1.953190	37.345000
1.953270	37.371000
1.953360	37.398000
1.953440	37.425000
1.953530	37.452000
1.953610	37.478000
1.953700	37.505000
1.953780	37.532000
1.953870	37.558000
1.953950	37.585000
1.954040	37.612000
1.954120	37.638000
1.954210	37.665000
1.954290	37.691000
1.954380	37.718000
1.954460	37.744000
1.992940	37.771000
1.993030	37.797000
1.993110	37.824000
1.993200	37.850000
1.993280	37.877000
1.993370	37.903000
1.993450	37.929000
1.993540	37.956000
1.993620	37.982000
1.993710	38.008000
1.993790	38.035000
1.993880	38.061000
1.993960	38.087000
1.994050	38.114000
1.994140	38.140000
1.994220	38.166000
1.994310	38.192000
1.994390	38.218000
1.994480	38.245000
1.994560	38.271000
2.033040	38.297000
2.033120	38.323000
2.033210	38.349000
2.033290	38.375000
2.033380	38.401000
2.033470	38.427000
2.033550	38.453000
2.033640	38.479000
2.033720	38.505000
2.033810	38.531000
2.033890	38.557000
2.033980	38.583000
2.034060	38.609000
2.034150	38.635000
2.034230	38.661000
2.034320	38.687000
2.034400	38.713000
2.034490	38.738000
2.034570	38.764000
2.034660	38.790000
2.073140	38.816000
2.073220	38.842000
2.073310	38.867000
2.073390	38.893000
2.073480	38.919000
2.073560	38.944000
2.073650	38.970000
2.073730	38.996000
2.073820	39.021000
2.073900	39.047000
2.073990	39.073000
2.074070	39.098000
2.074160	39.124000
2.074240	39.149000
2.074330	39.175000
2.074420	39.200000
2.074500	39.226000
2.074590	39.251000
2.074670	39.277000
2.074760	39.302000
2.113230	39.328000
2.113320	39.353000
2.113400	39.379000
2.113490	39.404000
2.113570	39.429000
2.113660	39.455000
2.113750	39.480000
2.113830	39.505000
2.113920	39.531000
2.114000	39.556000
2.114090	39.581000
2.114170	39.607000
2.114260	39.632000
2.114340	39.657000
2.114430	39.682000
2.114510	39.708000
2.114600	39.733000
2.114680	39.758000
2.114770	39.783000
2.114850	39.808000
2.153330	39.833000
2.153420	39.858000
2.153500	39.883000
2.153590	39.909000
2.153670	39.934000
2.153760	39.959000
2.153840	39.984000
2.153930	40.009000
2.154010	40.034000
2.154100	40.059000
2.154180	40.084000
2.154270	40.109000
2.154350	40.133000
2.154440	40.158000
2.154530	40.183000
2.154610	40.208000
2.154700	40.233000
2.154780	40.258000
2.154870	40.283000
2.154950	40.308000
2.193430	40.332000
2.193510	40.357000
2.193600	40.382000
2.193680	40.407000
2.193770	40.431000
2.193860	40.456000
2.193940	40.481000
2.194030	40.506000
2.194110	40.530000
2.194200	40.555000
2.194280	40.580000
2.194370	40.604000
2.194450	40.629000
2.194540	40.654000
2.194620	40.678000
2.194710	40.703000
2.194790	40.727000
2.194880	40.752000
2.194960	40.776000
2.195050	40.801000
2.233530	40.825000
2.233610	40.850000
2.233700	40.874000
2.233780	40.899000
2.233870	40.923000
2.233950	40.948000
2.234040	40.972000
2.234120	40.997000
2.234210	41.021000
2.234290	41.045000
2.234380	41.070000
2.234460	41.094000
2.234550	41.118000
2.234630	41.143000
2.234720	41.167000
2.234810	41.191000
2.234890	41.216000
2.234980	41.240000
2.235060	41.264000
2.235150	41.288000
2.273620	41.313000
2.273710	41.337000
2.273790	41.361000
2.273880	41.385000
2.273960	41.409000
2.274050	41.433000
2.274140	41.458000
2.274220	41.482000
2.274310	41.506000
2.274390	41.530000
2.274480	41.554000
2.274560	41.578000
2.274650	41.602000
2.274730	41.626000
2.274820	41.650000
2.274900	41.674000
2.274990	41.698000
2.275070	41.722000
2.275160	41.746000
2.275240	41.770000
2.313720	41.794000
2.313810	41.818000
2.313890	41.842000
2.313980	41.866000
2.314060	41.890000
2.314150	41.913000
2.314230	41.937000
2.314320	41.961000
2.314400	41.985000
2.314490	42.009000
2.314570	42.033000
2.314660	42.056000
2.314740	42.080000
2.314830	42.104000
2.314910	42.128000
2.315000	42.151000
2.315090	42.175000
2.315170	42.199000
2.315260	42.223000
2.315340	42.246000
2.353820	42.270000
2.353900	42.294000
2.353990	42.317000
2.354070	42.341000
2.354160	42.365000
2.354240	42.388000
2.354330	42.412000
2.354420	42.435000
2.354500	42.459000
2.354590	42.482000
2.354670	42.506000
2.354760	42.529000
2.354840	42.553000
2.354930	42.576000
2.355010	42.600000
2.355100	42.623000
2.355180	42.647000
2.355270	42.670000
2.355350	42.694000
2.355440	42.717000
2.393920	42.741000
2.394000	42.764000
2.394090	42.787000
2.394170	42.811000
2.394260	42.834000
2.394340	42.857000
2.394430	42.881000
2.394510	42.904000
2.394600	42.927000
2.394680	42.951000
2.394770	42.974000
2.394850	42.997000
2.394940	43.021000
2.395020	43.044000
2.395110	43.067000
2.395200	43.090000
2.395280	43.113000
2.395370	43.137000
2.395450	43.160000
2.395540	43.183000
2.434010	43.206000
2.434100	43.229000
2.434180	43.252000
2.434270	43.276000
2.434350	43.299000
2.434440	43.322000
2.434520	43.345000
2.434610	43.368000
2.434700	43.391000
2.434780	43.414000
2.434870	43.437000
2.434950	43.460000
2.435040	43.483000
2.435120	43.506000
2.435210	43.529000
2.435290	43.552000
2.435380	43.575000
2.435460	43.598000
2.435550	43.621000
2.435630	43.644000
2.474110	43.667000
2.474200	43.690000
2.474280	43.712000
2.474370	43.735000
2.474450	43.758000
2.474540	43.781000
2.474620	43.804000
2.474710	43.827000
2.474790	43.850000
2.474880	43.872000
2.474960	43.895000
2.475050	43.918000
2.475130	43.941000
2.475220	43.963000
2.475300	43.986000
2.475390	44.009000
2.475480	44.032000
2.475560	44.054000
2.475650	44.077000
2.475730	44.100000
2.514210	44.122000
2.514290	44.145000
2.514380	44.168000
2.514460	44.190000
2.514550	44.213000
2.514630	44.236000
2.514720	44.258000
2.514810	44.281000
2.514890	44.303000
2.514980	44.326000
2.515060	44.349000
2.515150	44.371000
2.515230	44.394000
2.515320	44.416000
2.515400	44.439000
2.515490	44.461000
2.515570	44.484000
2.515660	44.506000
2.515740	44.529000
2.515830	44.551000
2.554310	44.574000
2.554390	44.596000
2.554480	44.618000
2.554560	44.641000
2.554650	44.663000
2.554730	44.686000
2.554820	44.708000
2.554900	44.730000
2.554990	44.753000
2.555070	44.775000
2.555160	44.797000
2.555240	44.820000
2.555330	44.842000
2.555410	44.864000
2.555500	44.887000
2.555580	44.909000
2.555670	44.931000
2.555760	44.953000
2.555840	44.976000
2.555930	44.998000
2.594400	45.020000
2.594490	45.042000
2.594570	45.065000
2.594660	45.087000
2.594740	45.109000
2.594830	45.131000
2.594910	45.153000
2.595000	45.175000
2.595090	45.198000
2.595170	45.220000
2.595260	45.242000
2.595340	45.264000
2.595430	45.286000
2.595510	45.308000
2.595600	45.330000
2.595680	45.352000
2.595770	45.374000
2.595850	45.396000
2.595940	45.418000
2.596020	45.440000
2.634500	45.462000
2.634590	45.484000
2.634670	45.506000
2.634760	45.528000
2.634840	45.550000
2.634930	45.572000
2.635010	45.594000
2.635100	45.616000
2.635180	45.638000
2.635270	45.660000
2.635350	45.682000
2.635440	45.704000
2.635520	45.726000
2.635610	45.747000
2.635690	45.769000
2.635780	45.791000
2.635860	45.813000
2.635950	45.835000
2.636040	45.857000
2.636120	45.878000
2.674600	45.900000
2.674680	45.922000
2.674770	45.944000
2.674850	45.966000
2.674940	45.987000
2.675020	46.009000
2.675110	46.031000
2.675190	46.053000
2.675280	46.074000
2.675370	46.096000
2.675450	46.118000
2.675540	46.139000
2.675620	46.161000
2.675710	46.183000
2.675790	46.204000
2.675880	46.226000
2.675960	46.248000
2.676050	46.269000
2.676130	46.291000
2.676220	46.312000
2.714700	46.334000
2.714780	46.356000
2.714870	46.377000
2.714950	46.399000
2.715040	46.420000
2.715120	46.442000
2.715210	46.463000
2.715290	46.485000
2.715380	46.506000
2.715460	46.528000
2.715550	46.549000
2.715630	46.571000
2.715720	46.592000
2.715800	46.614000
2.715890	46.635000
2.715970	46.657000
2.716060	46.678000
2.716150	46.700000
2.716230	46.721000
2.716320	46.742000
2.754790	46.764000
2.754880	46.785000
2.754960	46.807000
2.755050	46.828000
2.755130	46.849000
2.755220	46.871000
2.755300	46.892000
2.755390	46.913000
2.755480	46.935000
2.755560	46.956000
2.755650	46.977000
2.755730	46.998000
2.755820	47.020000
2.755900	47.041000
2.755990	47.062000
2.756070	47.084000
2.756160	47.105000
2.756240	47.126000
2.756330	47.147000
2.756410	47.168000
2.794890	47.190000
2.794980	47.211000
2.795060	47.232000
2.795150	47.253000
2.795230	47.274000
2.795320	47.295000
2.795400	47.317000
2.795490	47.338000
2.795570	47.359000
2.795660	47.380000
2.795740	47.401000
2.795830	47.422000
2.795910	47.443000
2.796000	47.464000
2.796080	47.485000
2.796170	47.506000
2.796250	47.528000
2.796340	47.549000
2.796430	47.570000
2.796510	47.591000
2.834990	47.612000
2.835070	47.633000
2.835160	47.654000
2.835240	47.675000
2.835330	47.696000
2.835410	47.717000
2.835500	47.738000
2.835580	47.758000
2.835670	47.779000
2.835760	47.800000
2.835840	47.821000
2.835930	47.842000
2.836010	47.863000
2.836100	47.884000
2.836180	47.905000
2.836270	47.926000
2.836350	47.947000
2.836440	47.967000
2.836520	47.988000
2.836610	48.009000
2.875090	48.030000
2.875170	48.051000
2.875260	48.072000
2.875340	48.092000
2.875430	48.113000
2.875510	48.134000
2.875600	48.155000
2.875680	48.176000
2.875770	48.196000
2.875850	48.217000
2.875940	48.238000
2.876020	48.258000
2.876110	48.279000
2.876190	48.300000
2.876280	48.321000
2.876360	48.341000
2.876450	48.362000
2.876530	48.383000
2.876620	48.403000
2.876710	48.424000
2.915180	48.445000
2.915270	48.465000
2.915350	48.486000
2.915440	48.507000
2.915520	48.527000
2.915610	48.548000
2.915690	48.568000
2.915780	48.589000
2.915860	48.610000
2.915950	48.630000
2.916040	48.651000
2.916120	48.671000
2.916210	48.692000
2.916290	48.712000
2.916380	48.733000
2.916460	48.753000
2.916550	48.774000
2.916630	48.794000
2.916720	48.815000
2.916800	48.835000
2.955280	48.856000
2.955370	48.876000
2.955450	48.897000
2.955540	48.917000
2.955620	48.938000
2.955710	48.958000
2.955790	48.979000
2.955880	48.999000
2.955960	49.019000
2.956050	49.040000
2.956130	49.060000
2.956220	49.081000
2.956300	49.101000
2.956390	49.121000
2.956470	49.142000
2.956560	49.162000
2.956640	49.182000
2.956730	49.203000
2.956820	49.223000
2.956900	49.243000
2.995380	49.264000
2.995460	49.284000
2.995550	49.304000
2.995630	49.324000
2.995720	49.345000
2.995800	49.365000
2.995890	49.385000
2.995970	49.406000
2.996060	49.426000
2.996140	49.446000
2.996230	49.466000
2.996320	49.486000
2.996400	49.507000
2.996490	49.527000
2.996570	49.547000
2.996660	49.567000
2.996740	49.587000
2.996830	49.608000
2.996910	49.628000
2.997000	49.648000
3.035470	49.668000
3.035560	49.688000
3.035650	49.708000
3.035730	49.728000
3.035820	49.748000
3.035900	49.769000
3.035990	49.789000
3.036070	49.809000
3.036160	49.829000
3.036240	49.849000
3.036330	49.869000
3.036410	49.889000
3.036500	49.909000
3.036580	49.929000
3.036670	49.949000
3.036750	49.969000
3.036840	49.989000
3.036920	50.009000
3.037010	50.029000
3.037100	50.049000
3.075570	50.069000
3.075660	50.089000
3.075740	50.109000
3.075830	50.129000
3.075910	50.149000
3.076000	50.169000
3.076080	50.189000
3.076170	50.209000
3.076250	50.229000
3.076340	50.249000
3.076430	50.269000
3.076510	50.288000
3.076600	50.308000
3.076680	50.328000
3.076770	50.348000
3.076850	50.368000
3.076940	50.388000
3.077020	50.408000
3.077110	50.427000
3.077190	50.447000
3.115670	50.467000
3.115760	50.487000
3.115840	50.507000
3.115930	50.527000
3.116010	50.546000
3.116100	50.566000
3.116180	50.586000
3.116270	50.606000
3.116350	50.625000
3.116440	50.645000
3.116520	50.665000
3.116610	50.685000
3.116690	50.704000
3.116780	50.724000
3.116860	50.744000
3.116950	50.763000
3.117030	50.783000
3.117120	50.803000
3.117200	50.823000
3.117290	50.842000
3.155770	50.862000
3.155850	50.882000
3.155940	50.901000
3.156020	50.921000
3.156110	50.941000
3.156190	50.960000
3.156280	50.980000
3.156360	50.999000
3.156450	51.019000
3.156530	51.039000
3.156620	51.058000
3.156710	51.078000
3.156790	51.097000
3.156880	51.117000
3.156960	51.136000
3.157050	51.156000
3.157130	51.176000
3.157220	51.195000
3.157300	51.215000
3.157390	51.234000
3.195860	51.254000
3.195950	51.273000
3.196040	51.293000
3.196120	51.312000
3.196210	51.332000
3.196290	51.351000
3.196380	51.371000
3.196460	51.390000
3.196550	51.410000
3.196630	51.429000
3.196720	51.448000
3.196800	51.468000
3.196890	51.487000
3.196970	51.507000
3.197060	51.526000
3.197140	51.546000
3.197230	51.565000
3.197310	51.584000
3.197400	51.604000
3.197480	51.623000
3.235960	51.643000
3.236050	51.662000
3.236130	51.681000
3.236220	51.701000
3.236300	51.720000
3.236390	51.739000
3.236470	51.759000
3.236560	51.778000
3.236640	51.797000
3.236730	51.817000
3.236810	51.836000
3.236900	51.855000
3.236990	51.874000
3.237070	51.894000
3.237160	51.913000
3.237240	51.932000
3.237330	51.951000
3.237410	51.971000
3.237500	51.990000
3.237580	52.009000
3.276060	52.028000
3.276140	52.048000
3.276230	52.067000
3.276320	52.086000
3.276400	52.105000
3.276490	52.124000
3.276570	52.144000
3.276660	52.163000
3.276740	52.182000
3.276830	52.201000
3.276910	52.220000
3.277000	52.239000
3.277080	52.259000
3.277170	52.278000
3.277250	52.297000
3.277340	52.316000
3.277420	52.335000
3.277510	52.354000
3.277590	52.373000
3.277680	52.392000
3.316160	52.411000
3.316240	52.431000
3.316330	52.450000
3.316410	52.469000
3.316500	52.488000
3.316580	52.507000
3.316670	52.526000
3.316750	52.545000
3.316840	52.564000
3.316920	52.583000
3.317010	52.602000
3.317100	52.621000
3.317180	52.640000
3.317270	52.659000
3.317350	52.678000
3.317440	52.697000
3.317520	52.716000
3.317610	52.735000
3.317690	52.754000
3.317780	52.773000
3.356250	52.792000
3.356340	52.811000
3.356420	52.830000
3.356510	52.849000
3.356600	52.868000
3.356680	52.886000
3.356770	52.905000
3.356850	52.924000
3.356940	52.943000
3.357020	52.962000
3.357110	52.981000
3.357190	53.000000
3.357280	53.019000
3.357360	53.037000
3.357450	53.056000
3.357530	53.075000
3.357620	53.094000
3.357700	53.113000
3.357790	53.132000
3.357870	53.151000
3.396350	53.169000
3.396440	53.188000
3.396520	53.207000
3.396610	53.226000
3.396690	53.245000
3.396780	53.263000
3.396860	53.282000
3.396950	53.301000
3.397030	53.320000
3.397120	53.338000
3.397200	53.357000
3.397290	53.376000
3.397380	53.395000
3.397460	53.413000
3.397550	53.432000
3.397630	53.451000
3.397720	53.469000
3.397800	53.488000
3.397890	53.507000
3.397970	53.526000
3.436450	53.544000
3.436530	53.563000
3.436620	53.582000
3.436710	53.600000
3.436790	53.619000
3.436880	53.638000
3.436960	53.656000
3.437050	53.675000
3.437130	53.693000
3.437220	53.712000
3.437300	53.731000
3.437390	53.749000
3.437470	53.768000
3.437560	53.787000
3.437640	53.805000
3.437730	53.824000
3.437810	53.842000
3.437900	53.861000
3.437980	53.879000
3.438070	53.898000
3.476550	53.917000
3.476630	53.935000
3.476720	53.954000
3.476800	53.972000
3.476890	53.991000
3.476970	54.009000
3.477060	54.028000
3.477140	54.046000
3.477230	54.065000
3.477310	54.083000
3.477400	54.102000
3.477480	54.120000
3.477570	54.139000
3.477660	54.157000
3.477740	54.176000
3.477830	54.194000
3.477910	54.213000
3.478000	54.231000
3.478080	54.249000
3.478170	54.268000
3.516640	54.286000
3.516730	54.305000
3.516810	54.323000
3.516900	54.342000
3.516990	54.360000
3.517070	54.378000
3.517160	54.397000
3.517240	54.415000
3.517330	54.433000
3.517410	54.452000
3.517500	54.470000
3.517580	54.489000
3.517670	54.507000
3.517750	54.525000
3.517840	54.544000
3.517920	54.562000
3.518010	54.580000
3.518090	54.599000
3.518180	54.617000
3.518260	54.635000
3.556740	54.654000
3.556830	54.672000
3.556910	54.690000
3.557000	54.708000
3.557080	54.727000
3.557170	54.745000
3.557250	54.763000
3.557340	54.781000
3.557420	54.800000
3.557510	54.818000
3.557590	54.836000
3.557680	54.854000
3.557760	54.873000
3.557850	54.891000
3.557940	54.909000
3.558020	54.927000
3.558110	54.946000
3.558190	54.964000
3.558280	54.982000
3.558360	55.000000
3.596840	55.018000
3.596920	55.036000
3.597010	55.055000
3.597090	55.073000
3.597180	55.091000
3.597270	55.109000
3.597350	55.127000
3.597440	55.145000
3.597520	55.164000
3.597610	55.182000
3.597690	55.200000
3.597780	55.218000
3.597860	55.236000
3.597950	55.254000
3.598030	55.272000
3.598120	55.290000
3.598200	55.308000
3.598290	55.326000
3.598370	55.345000
3.598460	55.363000
3.636940	55.381000
3.637020	55.399000
3.637110	55.417000
3.637190	55.435000
3.637280	55.453000
3.637360	55.471000
3.637450	55.489000
3.637530	55.507000
3.637620	55.525000
3.637700	55.543000
3.637790	55.561000
3.637870	55.579000
3.637960	55.597000
3.638050	55.615000
3.638130	55.633000
3.638220	55.651000
3.638300	55.669000
3.638390	55.687000
3.638470	55.705000
3.638560	55.723000
3.677030	55.741000
3.677120	55.759000
3.677200	55.777000
3.677290	55.795000
3.677380	55.812000
3.677460	55.830000
3.677550	55.848000
3.677630	55.866000
3.677720	55.884000
3.677800	55.902000
3.677890	55.920000
3.677970	55.938000
3.678060	55.956000
3.678140	55.973000
3.678230	55.991000
3.678310	56.009000
3.678400	56.027000
3.678480	56.045000
3.678570	56.063000
3.678650	56.081000
3.717130	56.098000
3.717220	56.116000
3.717300	56.134000
3.717390	56.152000
3.717470	56.170000
3.717560	56.187000
3.717640	56.205000
3.717730	56.223000
3.717810	56.241000
3.717900	56.259000
3.717980	56.276000
3.718070	56.294000
3.718150	56.312000
3.718240	56.330000
3.718330	56.347000
3.718410	56.365000
3.718500	56.383000
3.718580	56.401000
3.718670	56.418000
3.718750	56.436000
3.757230	56.454000
3.757310	56.472000
3.757400	56.489000
3.757480	56.507000
3.757570	56.525000
3.757660	56.542000
3.757740	56.560000
3.757830	56.578000
3.757910	56.595000
3.758000	56.613000
3.758080	56.631000
3.758170	56.648000
3.758250	56.666000
3.758340	56.684000
3.758420	56.701000
3.758510	56.719000
3.758590	56.737000
3.758680	56.754000
3.758760	56.772000
3.758850	56.789000
3.797330	56.807000
3.797410	56.825000
3.797500	56.842000
3.797580	56.860000
3.797670	56.877000
3.797750	56.895000
3.797840	56.913000
3.797920	56.930000
3.798010	56.948000
3.798090	56.965000
3.798180	56.983000
3.798260	57.000000
3.798350	57.018000
3.798430	57.036000
3.798520	57.053000
3.798610	57.071000
3.798690	57.088000
3.798780	57.106000
3.798860	57.123000
3.798950	57.141000
3.837420	57.158000
3.837510	57.176000
3.837590	57.193000
3.837680	57.211000
3.837760	57.228000
3.837850	57.246000
3.837940	57.263000
3.838020	57.280000
3.838110	57.298000
3.838190	57.315000
3.838280	57.333000
3.838360	57.350000
3.838450	57.368000
3.838530	57.385000
3.838620	57.403000
3.838700	57.420000
3.838790	57.437000
3.838870	57.455000
3.838960	57.472000
3.839040	57.490000
3.877520	57.507000
3.877610	57.524000
3.877690	57.542000
3.877780	57.559000
3.877860	57.577000
3.877950	57.594000
3.878030	57.611000
3.878120	57.629000
3.878200	57.646000
3.878290	57.663000
3.878370	57.681000
3.878460	57.698000
3.878540	57.715000
3.878630	57.733000
3.878720	57.750000
3.878800	57.767000
3.878890	57.785000
3.878970	57.802000
3.879060	57.819000
3.879140	57.837000
3.917620	57.854000
3.917700	57.871000
3.917790	57.888000
3.917870	57.906000
3.917960	57.923000
3.918040	57.940000
3.918130	57.957000
3.918220	57.975000
3.918300	57.992000
3.918390	58.009000
3.918470	58.026000
3.918560	58.044000
3.918640	58.061000
3.918730	58.078000
3.918810	58.095000
3.918900	58.113000
3.918980	58.130000
3.919070	58.147000
3.919150	58.164000
3.919240	58.181000
3.957720	58.199000
3.957800	58.216000
3.957890	58.233000
3.957970	58.250000
3.958060	58.267000
3.958140	58.284000
3.958230	58.302000
3.958310	58.319000
3.958400	58.336000
3.958480	58.353000
3.958570	58.370000
3.958650	58.387000
3.958740	58.404000
3.958820	58.422000
3.958910	58.439000
3.959000	58.456000
3.959080	58.473000
3.959170	58.490000
3.959250	58.507000
3.959340	58.524000
3.997810	58.541000
3.997900	58.558000
3.997980	58.575000
3.998070	58.592000
3.998150	58.610000
3.998240	58.627000
3.998330	58.644000
3.998410	58.661000
3.998500	58.678000
3.998580	58.695000
3.998670	58.712000
3.998750	58.729000
3.998840	58.746000
3.998920	58.763000
3.999010	58.780000
3.999090	58.797000
3.999180	58.814000
3.999260	58.831000
3.999350	58.848000
3.999430	58.865000
4.037910	58.882000
4.038000	58.899000
4.038080	58.916000
4.038170	58.933000
4.038250	58.950000
4.038340	58.967000
4.038420	58.984000
4.038510	59.001000
4.038590	59.018000
4.038680	59.035000
4.038760	59.052000
4.038850	59.068000
4.038930	59.085000
4.039020	59.102000
4.039100	59.119000
4.039190	59.136000
4.039280	59.153000
4.039360	59.170000
4.039450	59.187000
4.039530	59.204000
4.078010	59.221000
4.078090	59.238000
4.078180	59.254000
4.078260	59.271000
4.078350	59.288000
4.078430	59.305000
4.078520	59.322000
4.078610	59.339000
4.078690	59.356000
4.078780	59.372000
4.078860	59.389000
4.078950	59.406000
4.079030	59.423000
4.079120	59.440000
4.079200	59.457000
4.079290	59.473000
4.079370	59.490000
4.079460	59.507000
4.079540	59.524000
4.079630	59.541000
4.118110	59.557000
4.118190	59.574000
4.118280	59.591000
4.118360	59.608000
4.118450	59.625000
4.118530	59.641000
4.118620	59.658000
4.118700	59.675000
4.118790	59.692000
4.118870	59.708000
4.118960	59.725000
4.119040	59.742000
4.119130	59.759000
4.119210	59.775000
4.119300	59.792000
4.119380	59.809000
4.119470	59.826000
4.119560	59.842000
4.119640	59.859000
4.119730	59.876000
4.158200	59.892000
4.158290	59.909000
4.158370	59.926000
4.158460	59.942000
4.158540	59.959000
4.158630	59.976000
4.158710	59.992000
4.158800	60.009000
4.158890	60.026000
4.158970	60.042000
4.159060	60.059000
4.159140	60.076000
4.159230	60.092000
4.159310	60.109000
4.159400	60.126000
4.159480	60.142000
4.159570	60.159000
4.159650	60.176000
4.159740	60.192000
4.159820	60.209000
4.198300	60.225000
4.198390	60.242000
4.198470	60.259000
4.198560	60.275000
4.198640	60.292000
4.198730	60.308000
4.198810	60.325000
4.198900	60.342000
4.198980	60.358000
4.199070	60.375000
4.199150	60.391000
4.199240	60.408000
4.199320	60.424000
4.199410	60.441000
4.199490	60.457000
4.199580	60.474000
4.199670	60.491000
4.199750	60.507000
4.199840	60.524000
4.199920	60.540000
4.238400	60.557000
4.238480	60.573000
4.238570	60.590000
4.238650	60.606000
4.238740	60.623000
4.238820	60.639000
4.238910	60.656000
4.239000	60.672000
4.239080	60.689000
4.239170	60.705000
4.239250	60.722000
4.239340	60.738000
4.239420	60.755000
4.239510	60.771000
4.239590	60.787000
4.239680	60.804000
4.239760	60.820000
4.239850	60.837000
4.239930	60.853000
4.240020	60.870000
4.278500	60.886000
4.278580	60.902000
4.278670	60.919000
4.278750	60.935000
4.278840	60.952000
4.278920	60.968000
4.279010	60.985000
4.279090	61.001000
4.279180	61.017000
4.279260	61.034000
4.279350	61.050000
4.279430	61.066000
4.279520	61.083000
4.279600	61.099000
4.279690	61.116000
4.279770	61.132000
4.279860	61.148000
4.279950	61.165000
4.280030	61.181000
4.280120	61.197000
4.318590	61.214000
4.318680	61.230000
4.318760	61.246000
4.318850	61.263000
4.318930	61.279000
4.319020	61.295000
4.319100	61.312000
4.319190	61.328000
4.319280	61.344000
4.319360	61.361000
4.319450	61.377000
4.319530	61.393000
4.319620	61.409000
4.319700	61.426000
4.319790	61.442000
4.319870	61.458000
4.319960	61.475000
4.320040	61.491000
4.320130	61.507000
4.320210	61.523000
4.358690	61.540000
4.358780	61.556000
4.358860	61.572000
4.358950	61.588000
4.359030	61.605000
4.359120	61.621000
4.359200	61.637000
4.359290	61.653000
4.359370	61.669000
4.359460	61.686000
4.359540	61.702000
4.359630	61.718000
4.359710	61.734000
4.359800	61.751000
4.359880	61.767000
4.359970	61.783000
4.360050	61.799000
4.360140	61.815000
4.360230	61.831000
4.360310	61.848000
4.398790	61.864000
4.398870	61.880000
4.398960	61.896000
4.399040	61.912000
4.399130	61.928000
4.399210	61.945000
4.399300	61.961000
4.399380	61.977000
4.399470	61.993000
4.399560	62.009000
4.399640	62.025000
4.399730	62.041000
4.399810	62.057000
4.399900	62.074000
4.399980	62.090000
4.400070	62.106000
4.400150	62.122000
4.400240	62.138000
4.400320	62.154000
4.400410	62.170000
4.438890	62.186000
4.438970	62.202000
4.439060	62.218000
4.439140	62.235000
4.439230	62.251000
4.439310	62.267000
4.439400	62.283000
4.439480	62.299000
4.439570	62.315000
4.439650	62.331000
4.439740	62.347000
4.439820	62.363000
4.439910	62.379000
4.439990	62.395000
4.440080	62.411000
4.440160	62.427000
4.440250	62.443000
4.440340	62.459000
4.440420	62.475000
4.440510	62.491000
4.478980	62.507000
4.479070	62.523000
4.479150	62.539000
4.479240	62.555000
4.479320	62.571000
4.479410	62.587000
4.479490	62.603000
4.479580	62.619000
4.479660	62.635000
4.479750	62.651000
4.479840	62.667000
4.479920	62.683000
4.480010	62.699000
4.480090	62.715000
4.480180	62.731000
4.480260	62.747000
4.480350	62.763000
4.480430	62.779000
4.480520	62.794000
4.480600	62.810000
4.519080	62.826000
4.519170	62.842000
4.519250	62.858000
4.519340	62.874000
4.519420	62.890000
4.519510	62.906000
4.519590	62.922000
4.519680	62.938000
4.519760	62.954000
4.519850	62.969000
4.519930	62.985000
4.520020	63.001000
4.520100	63.017000
4.520190	63.033000
4.520270	63.049000
4.520360	63.065000
4.520440	63.080000
4.520530	63.096000
4.520620	63.112000
4.520700	63.128000
4.559180	63.144000
4.559260	63.160000
4.559350	63.176000
4.559430	63.191000
4.559520	63.207000
4.559600	63.223000
4.559690	63.239000
4.559770	63.255000
4.559860	63.270000
4.559950	63.286000
4.560030	63.302000
4.560120	63.318000
4.560200	63.334000
4.560290	63.349000
4.560370	63.365000
4.560460	63.381000
4.560540	63.397000
4.560630	63.413000
4.560710	63.428000
4.560800	63.444000
4.599280	63.460000
4.599360	63.476000
4.599450	63.491000
4.599530	63.507000
4.599620	63.523000
4.599700	63.539000
4.599790	63.554000
4.599870	63.570000
4.599960	63.586000
4.600040	63.602000
4.600130	63.617000
4.600210	63.633000
4.600300	63.649000
4.600380	63.664000
4.600470	63.680000
4.600550	63.696000
4.600640	63.712000
4.600720	63.727000
4.600810	63.743000
4.600900	63.759000
4.639370	63.774000
4.639460	63.790000
4.639540	63.806000
4.639630	63.821000
4.639710	63.837000
4.639800	63.853000
4.639880	63.868000
4.639970	63.884000
4.640050	63.900000
4.640140	63.915000
4.640230	63.931000
4.640310	63.947000
4.640400	63.962000
4.640480	63.978000
4.640570	63.993000
4.640650	64.009000
4.640740	64.025000
4.640820	64.040000
4.640910	64.056000
4.640990	64.072000
4.679470	64.087000
4.679560	64.103000
4.679640	64.118000
4.679730	64.134000
4.679810	64.150000
4.679900	64.165000
4.679980	64.181000
4.680070	64.196000
4.680150	64.212000
4.680240	64.227000
4.680320	64.243000
4.680410	64.259000
4.680490	64.274000
4.680580	64.290000
4.680660	64.305000
4.680750	64.321000
4.680830	64.336000
4.680920	64.352000
4.681000	64.367000
4.681090	64.383000
4.719570	64.399000
4.719650	64.414000
4.719740	64.430000
4.719820	64.445000
4.719910	64.461000
4.719990	64.476000
4.720080	64.492000
4.720160	64.507000
4.720250	64.523000
4.720330	64.538000
4.720420	64.554000
4.720510	64.569000
4.720590	64.585000
4.720680	64.600000
4.720760	64.616000
4.720850	64.631000
4.720930	64.647000
4.721020	64.662000
4.721100	64.677000
4.721190	64.693000
4.759660	64.708000
4.759750	64.724000
4.759840	64.739000
4.759920	64.755000
4.760010	64.770000
4.760090	64.786000
4.760180	64.801000
4.760260	64.816000
4.760350	64.832000
4.760430	64.847000
4.760520	64.863000
4.760600	64.878000
4.760690	64.894000
4.760770	64.909000
4.760860	64.924000
4.760940	64.940000
4.761030	64.955000
4.761110	64.971000
4.761200	64.986000
4.761290	65.001000
4.961290	1.000000
